[
{"command": 3, "vectors": [

[4.3382, -0.3805, 8.9133, -0.15, 0.00, -0.01]

,[4.4004, -0.9930, 9.6263, -0.10, 0.15, 0.08]

,[4.2377, -2.5316, 8.9300, -0.77, 0.03, 0.54]

,[4.0199, -3.8955, 9.2626, -0.36, -0.01, 0.01]

,[4.1850, -5.0608, 8.3294, -0.27, 0.08, 0.13]

,[3.5940, -5.0752, 9.5450, 1.37, 0.91, -0.03]

,[0.9954, 2.4622, 9.5378, 2.19, 0.40, 0.11]

,[1.5123, 1.7922, 9.7316, 0.69, 0.06, 0.08]

,[1.3089, 4.1707, 9.7053, -0.46, -0.29, 0.03]

,[1.6630, 3.7567, 9.8417, -0.25, -0.16, -0.00]

,[2.0267, 3.0580, 9.6120, -0.14, -0.00, -0.08]

,[2.2851, 2.0674, 9.3177, -0.08, -0.03, 0.04]

,[2.2923, 2.1918, 9.6790, -0.12, -0.01, -0.00]

,[2.2899, 2.2564, 9.5880, -0.03, 0.00, -0.00]

,[2.2851, 2.1799, 9.5856, -0.03, 0.01, -0.01]

,[2.2756, 2.3067, 9.6814, -0.02, 0.00, -0.03]

,[2.3186, 1.9980, 9.8871, -0.03, 0.03, -0.01]

,[2.3163, 2.0602, 9.7460, -0.04, 0.00, -0.02]

,[2.3210, 2.0865, 9.8560, -0.01, 0.02, -0.01]

,[2.3761, 2.1464, 9.4158, -0.03, 0.12, -0.02]

,[2.0650, 1.8616, 9.8919, -0.18, 0.15, 0.04]

,[1.5386, 2.5029, 10.9352, -0.71, -0.51, -0.03]

,[2.5795, 1.5577, 10.1695, 0.05, -0.02, -0.18]

,[3.4170, 1.5242, 10.0881, 0.08, -0.41, -0.05]

,[3.7113, 1.8401, 8.8798, 0.16, -0.24, -0.21]

,[4.2114, 1.7827, 9.0497, 0.12, -0.40, -0.18]

,[5.3575, 3.1011, 9.1071, -0.26, -0.41, -0.19]

,[6.1926, 2.6871, 7.8844, -0.61, -0.63, -0.18]

,[6.5731, 1.3519, 6.9942, -0.60, -0.49, -0.09]

,[7.3555, 0.6150, 6.7334, -0.27, -0.12, -0.06]

,[7.2622, 0.5073, 6.0012, -0.30, 0.01, -0.09]

,[7.7910, -0.8566, 8.1643, -0.73, 0.16, 0.16]

,[7.2168, -0.2512, 7.3364, -1.48, -0.36, 0.28]

,[7.7504, -2.2636, 5.3862, -1.29, -0.75, 0.27]

,[8.0375, -5.2068, 5.1757, -0.64, -0.05, 0.48]

,[7.7216, -4.4913, 4.4626, 0.03, -0.02, 0.02]

,[7.8604, -5.2164, 4.7809, -0.10, -0.07, 0.10]

,[7.4441, -5.6471, 5.0943, -0.15, -0.02, 0.40]

,[6.6903, -7.0086, 4.4841, -0.15, 0.06, 0.70]

,[5.5825, -7.0086, 3.9266, -0.17, 0.01, 0.56]

,[4.9603, -8.0399, 5.8863, 0.16, 0.28, 0.05]

,[4.4602, -7.9896, 6.1831, 0.04, 0.21, -0.03]

,[4.6181, -7.7001, 4.7330, 0.01, -0.02, 0.03]

,[4.3956, -7.5805, 5.4389, -0.03, -0.01, -0.02]

,[4.3884, -7.7504, 5.4102, -0.02, 0.02, -0.02]

,[4.4124, -7.7145, 5.3791, 0.01, 0.05, 0.00]

,[4.3813, -7.7192, 5.2283, -0.01, 0.05, -0.01]

,[4.4339, -7.6164, 5.0130, -0.01, 0.00, -0.02]

,[4.3262, -7.7743, 5.3743, -0.02, 0.03, -0.02]

,[4.2927, -7.8580, 5.4796, -0.01, 0.03, -0.02]

,[4.3214, -7.7049, 5.0273, -0.03, 0.01, -0.01]

,[4.2592, -7.8197, 5.5226, 0.03, 0.06, 0.00]

,[4.3214, -7.8628, 5.4174, -0.02, 0.02, -0.00]

,[4.3047, -7.8126, 5.3599, 0.00, 0.02, -0.00]

,[4.2616, -7.8915, 5.3384, 0.03, 0.07, 0.00]

,[4.1922, -7.5852, 5.5131, -0.00, 0.02, -0.02]

,[4.1946, -7.8628, 5.7188, -0.01, 0.02, -0.01]

,[4.2401, -7.9705, 5.5681, 0.03, 0.02, 0.02]

,[4.1420, -7.6977, 5.6566, 0.00, 0.04, -0.01]

,[4.1013, -7.8245, 5.5801, -0.02, 0.01, -0.01]

,[4.1180, -7.7695, 5.7571, 0.03, 0.07, -0.01]

,[4.1707, -7.6475, 5.3719, -0.00, 0.02, -0.01]

,[4.1276, -7.7599, 4.9890, -0.01, 0.03, -0.02]

,[3.6993, -7.3986, 5.3551, 0.10, 0.14, -0.01]

,[3.6826, -8.1212, 6.4199, 0.87, 0.23, 0.20]

,[2.8451, -5.4963, 8.4897, 0.80, 0.24, 0.02]

,[2.6967, -4.5918, 8.5304, 0.53, 0.03, -0.02]

,[2.5986, -4.1180, 9.5186, 0.05, 0.01, -0.06]

,[2.7278, -4.0582, 9.2794, 0.30, 0.05, -0.03]

,[2.6656, -3.4026, 9.5210, 0.55, 0.06, -0.00]

,[2.6106, -2.1440, 10.0092, 0.60, -0.15, 0.01]

,[3.2638, -1.6391, 9.1119, 0.69, -0.11, -0.04]

,[2.7254, -0.7490, 10.0714, 0.03, 0.31, -0.10]

,[1.9382, -0.0287, 10.0570, 0.19, 0.40, -0.11]

,[1.8377, -0.3039, 9.9278, 0.02, 0.05, -0.02]

,[1.7779, -0.0814, 10.5811, 0.07, -0.05, 0.10]

,[1.3615, 0.3446, 11.0644, -0.11, 0.09, -0.05]

,[1.0504, 0.3182, 11.4281, 0.20, 0.28, 0.06]

,[2.7948, -2.6130, 10.8060, 0.51, -1.53, 0.42]

,[6.0682, -1.7396, 8.1165, 0.28, -0.56, 0.05]

,[6.8363, -0.7346, 7.9466, 0.05, -0.33, -0.13]

,[6.8961, 0.6748, 7.6905, 0.08, -0.10, -0.23]

,[7.1593, -0.6963, 7.4967, -0.12, 0.20, 0.17]

,[7.1067, -0.2656, 6.9416, -0.15, 0.06, -0.09]

,[6.9009, -0.5862, 8.2146, -0.04, -0.37, -0.04]

,[7.6403, -1.0528, 6.5348, -0.01, -0.29, -0.03]

,[7.7384, -0.8877, 6.7358, -0.21, -0.10, 0.06]

,[7.8844, -0.3613, 4.9077, 0.38, 0.11, -0.09]

,[7.3579, 0.2847, 7.0947, 0.98, 0.34, -0.16]

,[6.8554, 2.2899, 7.3531, 0.94, 0.36, -0.21]

,[6.4080, 2.6800, 7.7527, 0.28, 0.14, -0.12]

,[6.0036, 2.6393, 7.1426, -0.08, 0.26, -0.26]

,[5.3192, 3.3835, 8.9803, -0.02, 0.19, -0.34]

,[4.9364, 3.2040, 8.0901, -0.16, 0.21, -0.53]

,[4.3286, 3.1585, 8.9994, -0.10, 0.10, -0.14]

,[3.8118, 3.3906, 8.8080, -0.25, 0.09, -0.31]

,[3.4217, 2.9504, 8.8750, -0.41, 0.03, -0.38]

,[3.0245, 2.6321, 9.1789, -0.17, 0.06, -0.20]

,[2.6273, 2.7589, 8.9324, -0.09, 0.24, -0.22]

,[1.8760, 2.9767, 9.8656, -0.09, 0.23, -0.30]

,[1.1151, 3.3739, 9.9350, -0.09, 0.25, -0.22]

,[1.0672, 2.8786, 9.5785, -0.21, 0.09, -0.16]

,[1.0265, 2.6393, 9.6574, -0.11, 0.06, -0.13]

,[0.6461, 2.8857, 9.1190, -0.17, -0.01, -0.12]

,[0.4738, 1.9262, 9.7508, -0.05, 0.08, -0.11]

,[0.0359, 2.5388, 10.2556, -0.07, 0.03, -0.16]

,[-0.1244, 2.1535, 9.7603, 0.00, -0.02, -0.07]

,[-0.3900, 2.3163, 10.1719, 0.01, 0.04, -0.04]

,[-0.1340, 2.3354, 9.7675, 0.03, 0.05, -0.01]

,[-0.2321, 2.5101, 9.7986, -0.02, 0.01, -0.04]

,[-0.2728, 1.8999, 9.9948, -0.04, 0.01, 0.02]

,[-0.1914, 2.0195, 9.7508, 0.05, 0.01, 0.01]

,[-0.1220, 2.3761, 9.5976, -0.05, -0.03, -0.01]

,[-0.1220, 2.2708, 10.0068, -0.03, 0.02, 0.01]

,[-0.1747, 2.1033, 9.7460, -0.04, -0.01, 0.01]

,[-0.2393, 2.0913, 10.0546, -0.06, 0.01, -0.02]

,[-0.1747, 2.0961, 10.2030, 0.03, 0.07, 0.02]

,[-0.1436, 2.0530, 9.7843, -0.00, 0.04, 0.01]

,[-0.0837, 2.3569, 9.9876, -0.04, -0.06, 0.01]

,[-0.0885, 2.0698, 9.7866, 0.03, 0.03, 0.06]

,[0.1196, 2.0818, 9.5809, -0.04, 0.01, 0.01]

,[-0.0383, 2.1224, 9.9087, -0.06, -0.01, 0.04]

,[0.1340, 1.9621, 9.5234, -0.04, 0.00, 0.07]

,[0.1029, 1.7970, 10.4160, -0.02, 0.02, 0.00]

,[0.0670, 1.9430, 10.2174, -0.04, 0.00, 0.01]

,[0.3805, 1.9956, 9.5115, -0.02, -0.04, 0.02]

,[0.3350, 1.6917, 9.5928, -0.02, 0.02, 0.01]

,[0.2967, 2.0195, 10.0379, -0.04, 0.02, -0.01]

,[0.3039, 1.8903, 9.9374, 0.01, -0.00, 0.03]

,[0.2417, 1.8473, 10.0834, 0.00, 0.03, 0.02]

,[0.3350, 1.9047, 9.9135, 0.02, 0.02, 0.01]

,[0.3709, 2.0076, 9.9206, 0.01, -0.01, 0.04]

,[0.2393, 2.0865, 10.0738, -0.04, 0.01, 0.01]

,[0.3182, 2.0698, 10.0475, -0.02, -0.00, 0.02]

,[0.3063, 2.2325, 10.1073, -0.06, -0.00, 0.01]

,[0.3374, 1.9956, 10.3585, -0.04, 0.03, 0.02]

,[0.3182, 2.1057, 9.9087, -0.05, 0.01, -0.00]

,[0.4379, 1.8090, 10.0714, 0.03, 0.06, 0.07]

,[0.5288, 1.6798, 10.0570, 0.01, 0.03, 0.01]

,[0.4522, 2.0100, 10.3059, -0.01, 0.00, 0.03]

,[0.2967, 2.0674, 10.4949, -0.11, 0.03, 0.17]

,[1.2036, 0.9476, 9.7196, -0.14, -0.16, 0.22]

,[1.4429, 0.6221, 10.2126, -0.10, -0.04, 0.15]

,[1.5960, 0.7657, 10.1839, -0.09, -0.04, 0.15]

,[1.7348, 0.4546, 9.7579, 0.08, 0.07, 0.37]

,[1.7850, 0.6437, 10.2197, -0.25, -0.04, 0.24]

,[2.0674, -0.4953, 9.8345, -0.21, -0.06, 0.20]

,[2.2875, -1.1222, 10.0355, -0.41, -0.10, 0.22]

,[2.3545, -1.3998, 9.7196, -0.30, -0.04, 0.16]

,[2.4622, -2.1511, 9.7747, -0.57, -0.18, 0.25]

,[2.5555, -2.8714, 9.6311, -0.36, -0.09, 0.47]

,[2.4981, -4.3502, 9.3416, -0.31, -0.10, 0.43]

,[2.3641, -4.8742, 8.9276, -0.41, -0.00, 0.27]

,[2.0937, -5.6351, 8.5352, -0.61, -0.05, 0.16]

,[2.1248, -6.0227, 7.8461, -0.15, -0.00, 0.10]

,[1.7755, -6.3577, 8.8415, -0.07, 0.02, 0.06]

,[1.7324, -6.1352, 8.1404, -0.03, 0.06, -0.01]

,[1.5960, -6.0323, 8.1858, -0.01, 0.03, 0.01]

,[1.5649, -6.3506, 8.2744, -0.01, 0.03, 0.03]

,[1.5936, -5.9629, 8.0734, -0.01, 0.03, 0.00]

,[1.5170, -6.2405, 8.2648, -0.02, 0.01, -0.00]

,[1.5099, -6.1352, 8.2935, -0.01, 0.04, -0.04]

,[1.5553, -6.3051, 8.2074, -0.01, 0.01, -0.00]

,[1.5027, -6.1831, 8.4658, 0.01, 0.01, -0.00]

,[1.5482, -6.2118, 8.2457, -0.01, 0.03, -0.01]

,[1.4716, -6.2261, 8.3007, -0.01, 0.03, -0.01]

,[1.4692, -6.0084, 8.5735, -0.01, 0.01, -0.01]

,[1.5290, -6.1591, 8.4323, -0.01, 0.03, -0.01]

,[1.4979, -6.1304, 8.2528, -0.02, 0.01, -0.00]

,[1.5051, -6.2022, 8.3055, -0.01, 0.03, -0.01]

,[1.4907, -6.1783, 8.4778, -0.00, 0.02, -0.01]

,[1.5649, -6.1735, 8.1260, 0.00, -0.00, 0.00]

,[1.4788, -6.1974, 8.3486, -0.02, 0.03, -0.01]

,[1.5218, -6.1687, 8.0040, -0.00, 0.01, -0.01]

,[1.4812, -6.0706, 8.1667, -0.02, 0.02, -0.01]

,[1.5194, -6.2429, 8.1500, -0.01, 0.01, -0.00]

,[1.5529, -6.2429, 8.1643, -0.02, 0.02, -0.00]

,[1.4692, -6.1567, 8.3892, -0.00, -0.00, 0.00]

,[1.4907, -6.0897, 8.2600, -0.01, 0.02, -0.02]

,[1.4668, -5.9964, 8.3079, -0.02, 0.03, -0.01]

,[1.4429, -6.1783, 8.3103, -0.01, 0.01, -0.00]

,[1.4907, -6.1543, 8.1188, -0.01, 0.02, -0.01]

,[1.4931, -6.2261, 8.2409, -0.01, 0.03, -0.01]

,[1.4859, -6.1041, 8.2433, -0.01, 0.02, -0.02]

,[1.4836, -6.1926, 8.1021, -0.01, 0.01, -0.01]

,[1.4859, -6.1137, 8.3246, -0.01, 0.02, -0.00]

,[1.4812, -6.0921, 8.2983, -0.01, 0.01, -0.00]

,[1.4788, -6.0897, 8.2433, -0.01, 0.02, -0.01]

,[1.4788, -6.1567, 8.2720, -0.01, -0.00, -0.00]

,[1.4740, -6.1089, 8.3079, -0.01, 0.01, 0.00]

,[1.4285, -6.2142, 8.3677, -0.04, 0.03, -0.04]

,[1.3735, -5.5992, 8.4036, 0.12, -0.09, -0.02]

,[1.2634, -5.7356, 9.2339, -0.01, -0.12, 0.10]

,[1.6941, -6.5420, 8.2289, 0.10, -0.19, 0.18]

,[2.1272, -5.6997, 8.4945, -0.02, -0.26, 0.40]

,[2.1607, -5.6040, 10.3872, -0.03, -0.95, 0.72]

,[2.7948, -6.3171, 10.0594, 0.49, -0.51, 1.12]

,[3.3858, -3.5462, 8.4323, 0.76, -0.47, 0.99]

,[1.5936, -7.4632, 8.2696, 0.00, 0.80, 1.23]

,[-0.3685, -3.6514, 10.4997, 0.43, 0.64, 0.27]

,[-1.2419, -4.9890, 8.8869, 0.30, 0.39, -0.12]

,[-1.4189, -4.1707, 9.3870, 0.16, 0.33, -1.21]

,[-1.6319, -3.7543, 11.8660, 1.29, -0.18, -0.94]

,[-1.1892, -1.3113, 9.8560, 1.19, -0.05, -1.42]

,[-0.8423, -0.8973, 8.9420, 0.49, 0.06, -0.31]

,[-2.3139, 0.8710, 9.6263, 0.61, 0.47, -1.42]

,[-3.5797, -0.6173, 10.6624, -0.71, 1.23, -1.15]

,[-5.0106, -2.4550, 9.4110, -0.96, 0.88, -0.10]

,[-6.1137, -4.9699, 6.8100, -1.76, 0.62, 0.36]

,[-6.2381, -6.7621, 6.6066, -0.47, 0.15, 0.34]

,[-7.0732, -3.3763, 6.7382, 0.81, 1.09, -0.66]

,[-7.0229, -6.1041, 5.5537, -0.71, -0.00, -0.03]

,[-7.1163, -5.0584, 3.9769, -0.53, -0.18, -0.09]

,[-7.2646, -4.2592, 4.2233, -0.48, 0.04, 0.15]

,[-7.3986, -5.8193, 5.0967, -0.33, -0.12, 0.21]

,[-7.3603, -4.9890, 4.1348, -0.09, -0.02, 0.03]

,[-7.3890, -4.7713, 4.6947, 0.02, 0.08, -0.05]

,[-7.2263, -5.1206, 3.6945, -0.02, -0.05, -0.00]

,[-7.2311, -5.5681, 4.4459, -0.00, 0.04, 0.00]

,[-7.3508, -5.1398, 4.5559, -0.02, 0.04, 0.00]

,[-7.3627, -5.0967, 4.3525, -0.01, 0.02, -0.04]

,[-7.3890, -5.0034, 4.8598, -0.02, 0.07, -0.04]

,[-7.3316, -5.2187, 4.4172, -0.04, 0.02, -0.01]

,[-7.3460, -4.8766, 3.8046, -0.04, 0.02, -0.05]

,[-7.2909, -5.2331, 3.9123, -0.02, 0.02, -0.00]

,[-7.3723, -5.0752, 3.9099, -0.02, -0.00, -0.02]

,[-7.2766, -5.0632, 4.2592, 0.01, 0.02, -0.02]

,[-7.2933, -5.2355, 3.9817, -0.02, -0.01, -0.02]

,[-7.3244, -5.2116, 4.3980, -0.01, 0.01, 0.01]

,[-7.3579, -5.1852, 4.3190, -0.02, 0.02, -0.01]

,[-7.2909, -5.1637, 4.0989, -0.01, 0.00, 0.00]

,[-7.3220, -5.1924, 4.2473, 0.01, 0.03, -0.01]

,[-7.2981, -5.3432, 4.3860, -0.02, -0.02, 0.01]

,[-7.3125, -4.9986, 4.1204, -0.04, 0.03, -0.01]

,[-7.3723, -4.9436, 4.2425, -0.03, 0.02, -0.01]

,[-7.2885, -5.1637, 3.8094, -0.03, -0.00, -0.01]

,[-7.3125, -5.1948, 4.1946, -0.01, 0.00, -0.01]

,[-7.3412, -5.0871, 4.2592, 0.01, 0.04, 0.00]

,[-7.2790, -4.9579, 4.2114, -0.02, 0.01, -0.01]

,[-7.3914, -5.0728, 4.2927, 0.02, 0.03, -0.01]

,[-7.2885, -5.1829, 4.1348, 0.02, 0.02, -0.02]

,[-7.3603, -5.0369, 4.4052, 0.01, 0.03, -0.00]

,[-7.3890, -5.1302, 4.1755, -0.01, 0.02, -0.00]

,[-7.3316, -5.1063, 4.2305, 0.00, 0.01, -0.00]

,[-7.3651, -5.0728, 4.2425, 0.01, 0.02, -0.01]

,[-7.3914, -5.0800, 3.9194, -0.01, -0.02, -0.01]

,[-7.3795, -4.9962, 4.3167, -0.05, 0.02, -0.04]

,[-7.2646, -5.2475, 4.1994, -0.03, 0.01, -0.01]

,[-7.3651, -5.1733, 4.1444, -0.01, 0.02, 0.00]

,[-7.3340, -5.1135, 4.1779, -0.02, 0.01, -0.02]

,[-7.2838, -5.2331, 4.0463, -0.01, 0.01, -0.00]

,[-7.3579, -5.1565, 4.0989, -0.00, 0.03, -0.01]

,[-7.3651, -4.9507, 4.3262, -0.01, 0.03, -0.02]

,[-7.3173, -5.2092, 4.1180, -0.03, 0.01, -0.02]

,[-7.3914, -5.0680, 4.2544, -0.01, 0.02, -0.02]

,[-7.3340, -5.1613, 4.2377, 0.01, 0.01, 0.00]

,[-7.3220, -5.0752, 4.1228, 0.02, 0.03, -0.03]

,[-7.3579, -5.0417, 4.3502, 0.03, 0.02, -0.06]

,[-7.2933, -5.2427, 4.2951, 0.01, -0.02, -0.06]

,[-7.2574, -5.1733, 4.3214, 0.01, 0.01, -0.01]

,[-7.2335, -5.2164, 4.6421, 0.02, 0.02, -0.05]

,[-7.1856, -5.2594, 4.4195, -0.02, 0.00, -0.01]

,[-7.1186, -5.5657, 5.0130, -0.09, -0.05, -0.01]

,[-6.9153, -5.8481, 5.2618, -0.03, -0.23, -0.14]

,[-6.5300, -5.2475, 4.9938, 0.03, -0.26, -0.19]

,[-5.9390, -5.8792, 5.4628, 0.02, -0.21, -0.17]

,[-5.6351, -5.9486, 5.4724, 0.02, -0.16, -0.16]

,[-5.0871, -6.1065, 6.0347, -0.01, -0.18, -0.15]

,[-4.6493, -6.7119, 6.9512, 0.00, -0.20, -0.32]

,[-3.8859, -6.5180, 7.2479, 0.05, -0.39, -0.32]

,[-2.8235, -6.1639, 7.4847, -0.02, -0.41, -0.33]

,[-1.5864, -6.6449, 7.7097, 0.08, -0.65, -0.06]

,[-0.8351, -6.4845, 7.6810, 0.10, -0.53, -0.02]

,[-0.0957, -6.0610, 7.5398, 0.06, -0.35, 0.17]

,[0.2656, -6.0275, 7.7647, 0.19, -0.21, 0.17]

,[0.5192, -6.3482, 7.8820, 0.17, -0.24, 0.16]

,[0.3900, -5.9414, 8.7673, 0.04, -0.09, 0.28]

,[-0.0024, -5.3791, 8.3701, -0.04, -0.16, 0.54]

,[-0.1627, -6.6042, 7.7647, -0.28, -0.21, 0.63]

,[-0.7466, -6.8459, 8.2911, -0.18, -0.20, 0.63]

,[-1.3256, -6.2094, 7.7073, -0.32, -0.26, 0.78]

,[-1.6534, -6.6281, 7.7360, -0.24, -0.23, 0.67]

,[-2.2277, -7.2933, 7.4608, -0.41, -0.04, 0.35]

,[-2.6154, -6.7167, 6.9153, -0.66, -0.10, 0.28]

,[-2.5340, -7.8748, 5.9031, -0.40, -0.25, 0.17]

,[-2.3904, -8.0231, 4.9866, -0.17, -0.19, -0.10]

,[-1.3448, -8.3629, 5.6830, 0.22, -0.53, -0.33]

,[-0.8040, -8.3510, 6.6185, 0.39, -0.62, -0.63]

,[1.1366, -9.0999, 6.8674, 0.04, -0.13, -0.63]

,[2.5292, -7.3484, 5.2594, -0.20, 0.09, -1.20]

,[3.5533, -5.0584, 8.0447, 0.08, 0.35, -1.52]

,[4.4315, -2.1344, 8.0542, -0.05, 0.39, -1.40]

,[5.0560, -1.6367, 8.9539, 0.02, 0.17, -0.99]

,[5.6160, -3.1178, 7.0564, -0.37, -0.17, 0.09]

,[5.8768, -1.9238, 6.7645, -0.04, -0.04, 0.01]

,[5.5968, -4.2185, 8.0782, -0.04, 0.18, 0.07]

,[5.3958, -3.7065, 8.3222, -0.13, -0.02, 0.02]

,[5.4724, -4.4746, 8.0542, 0.04, 0.04, 0.02]

,[5.5059, -3.9601, 8.3198, -0.01, -0.00, -0.06]

,[5.4724, -3.8237, 8.2481, -0.05, 0.03, 0.03]

,[5.4580, -3.6251, 8.1069, -0.06, 0.03, 0.01]

,[5.4245, -3.9625, 7.9633, -0.02, 0.02, -0.03]

,[5.4532, -3.9051, 8.0351, -0.04, 0.03, -0.04]

,[5.3886, -3.9099, 8.0877, -0.07, 0.03, -0.05]

,[5.5250, -3.9721, 7.8628, -0.01, 0.02, -0.03]

,[5.5657, -4.3095, 7.6499, 0.06, 0.07, -0.07]

,[5.4509, -4.0965, 7.9274, -0.02, 0.03, 0.05]

,[5.4221, -4.0774, 7.9777, -0.02, 0.02, -0.01]

,[5.4915, -4.0822, 7.9705, -0.01, 0.00, 0.02]

,[5.3743, -3.9793, 8.0782, -0.01, 0.01, 0.00]

,[5.3312, -3.9362, 8.2170, -0.02, 0.00, -0.01]

,[5.4126, -3.6897, 8.0853, 0.03, 0.03, -0.05]

,[5.5131, -4.1611, 7.9681, 0.01, 0.03, -0.05]

,[5.7188, -4.4937, 7.2239, 0.18, 0.23, -0.25]

,[5.0130, -3.0245, 9.0233, 0.65, 0.26, -0.68]

,[4.6421, -0.0837, 9.8297, 1.16, 0.02, -0.62]

,[4.3214, 3.4576, 8.9204, 1.45, 0.20, -0.60]

,[3.6658, 4.8574, 6.9703, 0.79, -0.05, -0.63]

,[2.8379, 6.7262, 7.0756, -0.02, -0.01, -0.45]

,[2.4479, 5.3886, 6.6233, 0.07, 0.09, -0.47]

,[2.2062, 5.8433, 7.1856, -0.13, -0.07, -0.18]

,[2.1990, 5.4078, 6.5348, -0.02, 0.10, -0.22]

,[1.4524, 6.5204, 7.2191, 0.01, 0.23, -0.00]

,[1.3878, 6.8746, 7.5924, -0.18, 0.01, -0.02]

,[1.3543, 7.1665, 6.9966, -0.38, 0.05, 0.02]

,[1.5003, 5.2283, 8.6883, -0.48, 0.28, 1.59]

,[2.7613, 2.8379, 9.2961, -0.78, 0.37, 1.64]

,[4.0941, -2.7565, 9.1932, -2.10, -0.19, 0.28]

,[3.9290, -3.9458, 10.0403, -1.07, -0.24, -0.09]

,[5.0297, -4.9531, 5.8672, -0.12, -0.37, -0.54]

,[5.0895, -5.8744, 6.0227, -0.90, -0.24, 0.22]

,[4.3382, -6.3266, 1.0265, -1.53, -0.19, 0.20]

,[3.5390, -9.6598, 2.7446, 0.37, 0.13, 0.07]

,[2.9169, -12.2608, 2.3833, -0.08, 0.19, 0.30]

,[2.1296, -10.8275, 2.2828, -2.03, 0.60, 1.03]

,[2.5962, -9.2698, -1.8401, 0.14, 0.13, 0.21]

,[2.9743, -6.5587, 4.6875, 3.46, 0.56, -0.58]

,[3.2566, -6.4582, 8.0399, 1.56, 0.15, -0.72]

,[3.6730, -4.1779, 11.0357, -0.08, 0.46, 0.33]

,[2.1870, -4.1659, 9.2650, -0.05, 0.18, 0.12]

,[2.1679, -3.7687, 9.3799, -0.02, 0.10, 0.03]

,[2.0770, -3.6993, 9.7843, 0.02, -0.03, -0.01]

,[2.0650, -3.7878, 9.4636, -0.01, 0.01, -0.02]

,[2.0554, -3.5581, 9.9206, -0.01, 0.05, -0.02]

,[2.0315, -3.9147, 9.3846, 0.00, -0.02, 0.00]

,[1.9645, -3.6826, 9.3655, -0.03, 0.05, -0.02]

,[2.0818, -4.1731, 9.1334, 0.00, 0.00, -0.01]

,[2.0267, -4.3837, 9.4732, 0.00, 0.00, 0.02]

,[1.9621, -3.9434, 9.5521, -0.01, 0.01, 0.00]

,[2.0148, -3.8046, 9.5186, -0.05, 0.01, -0.03]

,[2.0770, -4.1180, 9.2435, 0.01, 0.01, 0.01]

,[2.1272, -4.3884, 9.5761, -0.04, 0.03, 0.01]

,[2.1942, -4.2353, 9.0568, -0.03, 0.05, 0.00]

,[2.0937, -4.0750, 9.2100, -0.00, -0.00, 0.02]

,[2.0602, -4.0582, 9.8082, -0.05, 0.02, 0.00]

,[2.0267, -4.0343, 9.1956, -0.03, 0.00, 0.01]

,[2.0124, -3.7902, 9.2148, -0.01, 0.00, 0.00]

,[2.0076, -3.8644, 9.4947, -0.01, 0.02, -0.01]

,[2.0770, -4.0630, 9.4349, -0.02, 0.03, -0.01]

,[2.0506, -4.2114, 9.6239, -0.02, 0.01, -0.01]

,[2.0195, -3.9721, 9.3009, 0.00, 0.01, -0.00]

,[2.0746, -4.1970, 9.4923, -0.01, 0.04, -0.01]

,[2.0913, -4.1133, 9.2100, -0.01, 0.01, -0.01]

,[2.0794, -4.3167, 9.0185, -0.00, -0.01, -0.02]

,[2.0483, -4.1611, 9.2746, 0.01, -0.00, 0.00]

,[2.0267, -4.0343, 9.4899, 0.01, 0.01, 0.00]

,[2.0698, -4.0223, 9.5928, -0.03, -0.00, 0.01]

,[2.0865, -4.1922, 9.2746, 0.01, -0.01, 0.01]

,[2.1105, -4.0822, 9.2889, -0.02, 0.02, -0.01]

,[2.0841, -4.1037, 9.3512, -0.02, 0.03, -0.02]

,[2.0913, -4.0295, 9.1430, -0.02, 0.01, -0.01]

,[2.1129, -4.2090, 9.1262, 0.01, 0.00, -0.01]

,[2.0865, -4.0104, 9.2411, -0.01, 0.01, 0.00]

,[2.0483, -4.1252, 9.2315, 0.01, 0.02, 0.00]

,[2.0291, -4.0367, 9.5115, -0.05, -0.01, 0.01]

,[2.0578, -4.1731, 9.2770, 0.00, -0.00, 0.00]

,[2.0100, -3.7424, 9.5043, -0.02, 0.01, -0.01]

,[2.0650, -4.0702, 9.5402, -0.03, 0.03, -0.02]

,[2.0698, -4.0726, 9.1621, 0.00, 0.00, -0.03]

,[2.0650, -4.1587, 9.2961, -0.02, 0.01, -0.01]

,[2.0865, -4.1563, 9.4421, -0.02, 0.01, -0.01]

,[2.0554, -4.0774, 9.3464, -0.01, 0.02, -0.01]

,[2.0818, -3.9769, 8.9013, -0.00, 0.02, -0.01]

,[2.1511, -4.0630, 9.1478, -0.00, 0.01, -0.00]

,[2.0746, -4.1444, 9.1693, -0.00, -0.01, 0.00]

,[2.0722, -4.0271, 9.3177, -0.01, 0.01, -0.01]

,[2.0961, -4.0582, 9.4564, -0.02, 0.02, -0.00]

,[2.0363, -3.7280, 9.5306, -0.01, 0.01, -0.01]

,[2.1176, -4.0606, 9.2554, -0.04, 0.03, -0.01]

,[2.0626, -4.0702, 9.2961, -0.02, 0.00, 0.00]

,[2.0195, -4.0606, 9.3368, 0.00, 0.01, 0.01]

,[2.0506, -4.1372, 9.5593, -0.00, 0.01, 0.02]

,[2.0913, -4.1468, 9.3344, -0.01, 0.01, -0.01]

,[2.0267, -4.0487, 9.2746, -0.00, 0.01, -0.02]

,[2.0483, -3.9290, 9.2650, -0.03, 0.02, -0.01]

,[2.1033, -4.2209, 9.2746, -0.02, 0.02, -0.01]

,[2.1392, -4.0774, 9.4134, 0.00, 0.03, -0.03]

,[2.1320, -4.1085, 9.3990, -0.01, 0.03, -0.02]

,[2.1057, -4.2425, 9.5856, -0.02, 0.03, -0.01]

,[2.1200, -4.0295, 9.2483, -0.02, 0.01, -0.01]

,[2.1655, -4.1683, 9.2626, -0.01, 0.02, 0.01]

,[2.1105, -4.2209, 9.2602, -0.02, 0.02, -0.00]

,[2.0770, -4.0008, 9.3057, -0.00, 0.02, -0.03]

,[2.1153, -4.2568, 9.4086, -0.01, 0.01, 0.00]

,[2.1200, -4.2090, 9.1071, -0.01, 0.01, 0.00]

,[2.1296, -4.0965, 9.1310, -0.00, 0.00, 0.00]

,[2.0985, -4.1946, 9.2100, -0.01, 0.00, -0.00]

,[2.1272, -4.2257, 9.1167, -0.01, 0.01, -0.02]

,[2.0841, -4.1085, 9.2315, 0.01, 0.00, -0.01]

,[2.1105, -4.2209, 9.2291, 0.00, -0.00, -0.01]

,[2.1129, -4.2544, 9.2172, -0.02, 0.01, -0.01]

,[2.0818, -4.0487, 9.2913, -0.00, 0.01, -0.00]

,[2.1176, -4.0606, 9.3392, -0.02, 0.01, 0.00]

,[2.1081, -4.0702, 9.3464, -0.01, 0.00, 0.01]

,[2.1488, -4.2209, 9.2626, -0.01, -0.01, 0.01]

,[2.1296, -4.1204, 9.2746, -0.00, -0.00, -0.01]

,[2.1272, -4.0989, 9.3512, -0.02, 0.01, 0.02]

,[2.0913, -4.1994, 9.2004, -0.01, 0.02, -0.00]

,[2.0794, -4.0367, 9.5809, -0.01, 0.02, 0.00]

,[2.1057, -4.2927, 9.3966, -0.03, 0.02, -0.00]

,[2.0219, -4.0678, 9.5282, -0.01, 0.03, -0.02]

,[2.1679, -4.2353, 9.3272, -0.03, 0.02, -0.03]

,[2.1488, -4.2568, 9.2674, -0.01, 0.01, -0.02]

,[2.0889, -4.1228, 9.3464, -0.02, 0.02, -0.02]

,[2.1464, -4.1539, 9.1454, -0.02, 0.01, -0.01]

,[2.1607, -4.2784, 9.2602, -0.03, 0.02, -0.01]

,[2.1607, -4.2520, 9.1167, 0.00, 0.00, -0.01]

,[2.1009, -4.1827, 9.1406, -0.00, -0.00, -0.00]

,[2.1464, -4.2138, 9.4469, 0.00, 0.02, -0.00]

,[2.0770, -4.1085, 9.4134, -0.00, 0.01, -0.01]

,[2.0865, -3.9242, 9.5139, -0.02, 0.01, -0.01]

,[2.1272, -4.0654, 9.4780, -0.04, 0.03, -0.03]

,[2.0770, -4.0008, 9.4062, -0.03, 0.03, -0.02]

,[2.1105, -4.1348, 9.5139, -0.08, 0.01, -0.02]

,[2.2086, -4.6899, 9.1167, 0.16, -0.41, 0.03]

,[3.1896, -2.6441, 9.1406, 0.24, -0.63, 0.05]

,[4.1994, -2.7876, 7.1234, 1.00, -1.46, 1.72]

,[4.6062, -4.1659, 7.7025, 0.13, -0.37, 1.08]

,[4.6493, -4.3621, 7.7456, 0.42, -0.20, 0.92]

,[3.1968, -5.9844, 7.7216, 0.29, 0.22, 0.94]

,[2.3928, -5.0489, 7.8485, 0.17, 0.37, 0.48]

,[0.3852, -6.2046, 8.9970, -0.04, 0.85, 0.38]

,[-0.3278, -3.3260, 7.8078, 0.15, 0.67, -0.88]

,[-1.4692, -5.8816, 14.8786, 1.60, 1.08, -0.64]

,[-0.0215, -3.4600, 11.0022, 1.00, 0.02, -0.26]

,[-0.0742, -1.2371, 9.5689, -0.38, 0.23, -0.02]

,[-0.8303, -3.0197, 10.0140, 0.17, 0.15, 0.05]

,[-0.7920, -3.0317, 10.1384, -0.01, 0.07, 0.06]

,[-0.8136, -2.5986, 10.0307, -0.01, 0.06, 0.05]

,[-0.9667, -2.6824, 9.5665, -0.02, 0.00, 0.01]

,[-0.9093, -2.6321, 10.0044, -0.03, 0.03, 0.01]

,[-0.9595, -2.4503, 9.9135, -0.02, 0.04, -0.01]

,[-0.9093, -2.6871, 9.8106, -0.00, 0.01, -0.01]

,[-1.0672, -2.5292, 9.9565, -0.02, 0.02, -0.01]

,[-0.9619, -2.5340, 9.8249, -0.01, 0.02, -0.01]

,[-0.9811, -2.7159, 9.8871, -0.01, 0.00, -0.01]

,[-1.0074, -2.6776, 9.8584, 0.01, 0.00, -0.01]

,[-0.9428, -2.4024, 9.9111, -0.03, 0.04, 0.00]

,[-1.1031, -2.5412, 9.9063, -0.04, 0.03, -0.02]

,[-0.9691, -2.5125, 9.9039, 0.02, 0.01, -0.02]

,[-1.0337, -2.6082, 9.9613, -0.03, 0.02, 0.00]

,[-1.0792, -2.4215, 9.9135, -0.01, 0.02, -0.02]

,[-0.9906, -2.6010, 9.7938, -0.02, 0.03, -0.01]

,[-1.1174, -2.5938, 9.9398, -0.01, 0.03, -0.01]

,[-1.0552, -2.6010, 9.8417, -0.01, 0.01, 0.00]

,[-1.0911, -2.5771, 9.8656, -0.02, 0.03, -0.01]

,[-1.0576, -2.5938, 9.8800, 0.00, 0.02, -0.01]

,[-1.1462, -2.5866, 9.9302, -0.03, 0.02, -0.01]

,[-1.1653, -2.4598, 9.9015, -0.01, 0.01, 0.01]

,[-1.1007, -2.6321, 9.8321, -0.03, 0.01, -0.01]

,[-1.1677, -1.6869, 9.7819, -0.63, 0.13, -0.04]

,[-1.1294, -6.4080, 8.7362, -1.24, 0.31, -0.53]

,[-1.4524, -7.8915, 6.8315, -1.81, 0.21, -0.47]

,[-0.6365, -8.9683, 3.4313, -1.60, 0.17, -0.15]

,[-0.3254, -9.1956, 4.0678, -0.62, 0.13, -0.08]

,[-0.3541, -8.9635, 2.3569, -0.37, 0.07, 0.36]

,[-0.9978, -9.9326, 1.1629, 0.22, 0.10, -0.12]

,[-0.7490, -9.7196, 2.2349, -0.08, -0.03, 0.10]

,[-0.8925, -9.8728, 2.0052, 0.08, 0.04, -0.08]

,[-0.7561, -9.7675, 2.2181, -0.06, -0.00, 0.01]

,[-0.8136, -9.8249, 2.3737, 0.01, 0.03, -0.01]

,[-0.7490, -9.7220, 2.1535, -0.05, 0.01, 0.01]

,[-0.7896, -9.6718, 2.2445, -0.02, 0.01, -0.02]

,[-0.8327, -9.9111, 2.2899, -0.03, 0.01, 0.01]

,[-0.7729, -9.7938, 2.1224, -0.01, 0.02, -0.00]

,[-0.8375, -9.7795, 2.1392, -0.01, 0.01, -0.02]

,[-0.8016, -9.7412, 2.1846, -0.02, 0.02, -0.01]

,[-0.8016, -9.7292, 2.0650, -0.02, 0.00, -0.02]

,[-0.7968, -9.7962, 2.2205, 0.00, 0.02, -0.01]

,[-0.7633, -9.8249, 2.0530, -0.01, 0.02, -0.01]

,[-0.8112, -9.8680, 1.6175, -0.03, 0.19, 0.05]

,[-0.8399, -9.2411, 3.7041, 1.39, 0.24, -0.22]

,[-0.5480, -7.1521, 6.5396, 1.23, 0.00, -0.16]

,[-0.3326, -7.4417, 8.5543, 1.28, 0.05, -0.12]

,[-0.0718, -4.3334, 9.3081, 1.39, 0.02, 0.04]

,[-0.3278, -1.2873, 10.0211, 1.32, 0.04, -0.07]

,[-0.5886, 2.2469, 10.0666, 2.21, -0.23, 0.05]

,[-0.1412, 4.6469, 7.8485, 1.57, -0.10, -0.10]

,[0.3685, 6.8578, 6.8650, 0.74, -0.39, 0.00]

,[0.5097, 7.6642, 5.6279, 0.02, -0.02, 0.01]

,[0.7011, 7.7791, 5.1613, 0.04, -0.08, 0.03]

,[0.7011, 7.5757, 6.5587, -0.19, 0.17, -0.12]

,[0.6173, 7.1809, 6.4534, 0.06, 0.01, -0.04]

,[0.4235, 7.4656, 6.2070, -0.10, 0.03, -0.05]

,[0.4283, 7.1019, 6.4008, -0.12, 0.04, -0.00]

,[0.4211, 6.4798, 7.2718, -0.27, 0.11, -0.04]

,[-0.0048, 6.5228, 7.9298, -0.67, 0.24, -0.12]

,[-0.8877, 4.9077, 9.2124, -1.01, 0.49, -0.22]

,[-1.7133, 3.6371, 10.0355, -1.14, 0.55, -0.37]

,[-2.7805, 1.5649, 9.7603, -0.59, 0.66, -0.22]

,[-3.3811, 0.3230, 8.9037, -0.14, 0.07, 0.10]

,[-3.4313, 1.0863, 9.6407, -0.13, -0.02, -0.00]

,[-3.8118, 0.6173, 10.8419, -1.13, -0.31, -0.04]

,[-2.5077, -3.8405, 8.2361, -3.39, -0.56, 0.10]

,[-1.6391, -7.5517, 7.2215, -1.86, -0.25, -0.03]

,[-1.6271, -8.1165, 4.5129, -1.07, -0.01, -0.16]

,[-1.3567, -9.7531, 3.8883, -1.01, -0.02, -0.20]

,[-0.8399, -9.8010, 2.1966, 0.06, 0.07, -0.21]

,[-0.9141, -9.6718, 2.5866, -0.01, -0.08, 0.10]

,[-1.4070, -10.0427, 1.3472, -0.41, -0.17, 0.31]

,[-1.4022, -9.9470, 0.2895, 0.04, -0.10, -0.02]

,[-1.4740, -9.6144, 0.9715, 0.01, 0.03, 0.22]

,[-2.9097, -9.0760, 2.6824, -0.02, 0.24, 0.88]

,[-3.8788, -9.2818, 2.2277, 0.75, -0.00, 0.21]

,[-4.6325, -8.9683, 1.9789, 0.70, -0.06, 0.68]

,[-5.7045, -6.3099, 2.7039, 0.47, 0.27, 0.72]

,[-7.0181, -5.7452, 4.0822, -0.75, 0.37, 0.90]

,[-9.5617, -3.0963, 4.5583, -0.37, 0.31, 1.42]

,[-8.9827, -2.5388, 3.1059, -0.54, 0.42, 0.64]

,[-9.6479, -1.9669, 4.3621, -0.93, 0.74, 0.17]

,[-9.8632, -1.0433, 1.9908, -0.49, 0.36, 0.05]

,[-9.3942, -2.3139, 0.5240, -0.07, 0.19, -0.11]

,[-9.4421, -2.3258, 0.8949, -0.08, -0.10, -0.07]

,[-9.2315, -2.2564, 0.5910, -0.08, -0.01, 0.05]

,[-9.1884, -2.5244, 0.2489, -0.05, 0.03, 0.07]

,[-9.2937, -2.3474, 0.5551, -0.01, -0.04, -0.00]

,[-9.2626, -2.4215, 0.7202, -0.04, -0.00, 0.00]

,[-9.1884, -2.2205, 0.4905, -0.03, 0.02, -0.02]

,[-9.3440, -1.5218, 0.3852, -0.01, -0.05, -0.07]

,[-9.3870, -2.5484, 1.4237, -0.03, -0.02, -0.01]

,[-9.2267, -2.2229, 0.8734, -0.07, 0.07, -0.02]

,[-9.2435, -2.3545, 0.7609, -0.04, -0.01, -0.00]

,[-9.3727, -1.8162, 0.3948, 0.01, -0.00, -0.02]

,[-9.3966, -2.6560, 0.9954, -0.04, 0.01, 0.04]

,[-9.2028, -2.5436, 0.9835, -0.03, 0.02, 0.07]

,[-9.3129, -1.7515, 0.7896, -0.02, 0.02, 0.05]

,[-9.2530, -1.8018, 0.5623, -0.02, -0.01, 0.04]

,[-9.5713, -0.7657, 1.0935, -0.00, -0.02, 0.16]

,[-9.2770, -1.7850, 1.4309, 0.03, -0.15, 0.13]

,[-9.4995, -0.9236, 1.5386, 0.21, -0.19, -0.01]

,[-9.1741, -1.6199, 0.6437, -0.05, 0.10, 0.03]

,[-9.3679, -1.2754, 1.0839, -0.02, 0.04, -0.02]

,[-9.4014, -0.9930, 1.6415, -0.03, 0.01, -0.03]

,[-9.2674, -1.4955, 1.6606, -0.06, 0.00, -0.03]

,[-9.4110, -1.0792, 1.6630, -0.01, 0.01, -0.07]

,[-9.3368, -1.3184, 1.6319, -0.01, 0.03, -0.08]

,[-9.2483, -1.4931, 1.7755, -0.00, 0.06, -0.08]

,[-9.3703, -1.5314, 1.2060, 0.07, 0.02, -0.17]

,[-9.3990, -2.2995, 1.3711, -0.04, -0.04, -0.50]

,[-9.1621, -3.3906, 1.1055, 0.37, 0.10, -0.78]

,[-8.3414, -4.9771, 1.4501, 0.05, 0.50, -0.63]

,[-8.2361, -4.9268, 1.0002, -0.42, 0.01, -0.17]

,[-7.9633, -7.1952, -1.6726, -0.45, 0.20, -0.95]

,[-6.1232, -7.0540, 1.4644, 0.06, 0.05, -0.81]

,[-5.6806, -10.4231, -1.0983, -0.30, -0.58, -0.96]

,[-4.4746, -10.5954, 0.0335, -0.85, -0.98, -0.09]

,[-4.5368, -8.7936, 1.2969, -0.02, -0.17, -0.53]

,[-3.0843, -9.7795, 1.1438, 0.03, -0.17, -0.61]

,[-2.1703, -10.1767, -1.4620, 0.36, -0.81, -0.89]

,[-0.5408, -11.2965, 1.1151, 1.50, -0.13, -2.09]

,[2.9312, -5.7882, 5.3815, 0.62, 0.84, -2.21]

,[5.7045, -3.3978, 5.5920, 0.36, 0.55, -1.72]

,[7.0899, -1.5625, 6.7430, -0.22, 0.46, -1.20]

,[7.5900, -2.5795, 5.8433, -1.44, 0.23, -0.83]

,[7.8365, -1.4477, 4.0941, -0.04, 0.72, 0.17]

,[6.1663, -1.7013, 8.0590, 0.24, -0.01, -0.44]

,[7.2766, -2.9743, 6.0036, -0.42, -0.14, 0.42]

,[6.9799, -4.3190, 6.9799, -0.30, 0.33, 0.46]

,[5.9127, -4.8814, 7.3747, -0.29, 0.41, 0.36]

,[5.5011, -5.0082, 7.4178, -0.05, 0.05, 0.04]

,[5.3360, -5.0465, 7.9418, -0.04, 0.08, 0.00]

,[5.4174, -5.0847, 7.1186, 0.01, -0.02, 0.01]

,[5.4006, -4.8861, 7.6810, -0.00, 0.01, -0.00]

,[5.4867, -5.1565, 7.0540, -0.03, 0.06, -0.03]

,[5.4389, -5.1087, 7.2239, 0.00, 0.02, -0.00]

,[5.5035, -5.0871, 7.2838, -0.01, 0.02, 0.00]

,[5.4580, -5.1087, 7.2120, 0.00, 0.02, -0.00]

,[5.4820, -5.0847, 7.2742, -0.03, 0.05, -0.02]

,[5.4604, -5.0177, 7.2215, -0.02, 0.03, -0.01]

,[5.4556, -5.1589, 7.1569, -0.02, 0.01, -0.02]

,[5.2929, -5.0704, 7.6164, -0.00, 0.01, -0.02]

,[5.3599, -4.9268, 7.5829, -0.02, 0.05, -0.03]

,[5.4509, -5.2068, 7.1306, -0.01, 0.02, 0.00]

,[5.3982, -5.1805, 7.4871, -0.01, 0.01, 0.01]

,[5.3862, -5.0608, 7.4680, -0.01, 0.03, -0.02]

,[5.4556, -5.1565, 7.3196, -0.02, 0.01, -0.00]

,[5.3551, -4.9627, 7.3819, -0.02, -0.00, -0.01]

,[5.3695, -5.0441, 7.4369, 0.00, 0.03, 0.01]

,[5.3551, -5.1398, 7.2263, -0.01, 0.01, -0.01]

,[5.3121, -5.0321, 7.5565, 0.01, 0.02, -0.03]

,[5.3527, -5.0536, 7.3579, -0.01, 0.02, -0.01]

,[5.3073, -5.0154, 7.1952, -0.01, -0.00, -0.01]

,[5.3336, -5.1182, 7.5159, -0.00, 0.04, -0.00]

,[5.3839, -5.1829, 7.3196, -0.02, 0.01, -0.01]

,[5.3432, -5.1613, 7.3316, -0.02, 0.02, -0.01]

,[5.3886, -5.1709, 7.2359, -0.00, 0.01, -0.01]

,[5.3886, -5.0871, 7.4082, -0.01, 0.02, -0.01]

,[5.3695, -5.1015, 7.4489, -0.00, 0.01, -0.00]

,[5.3216, -4.9819, 7.4728, -0.02, 0.02, -0.03]

,[5.3480, -5.0034, 7.5733, -0.00, 0.03, -0.02]

,[5.3432, -5.0680, 7.4273, -0.02, 0.02, -0.02]

,[5.3551, -5.0847, 7.4967, -0.01, 0.02, -0.02]

,[5.3264, -5.0800, 7.4895, -0.01, 0.03, -0.01]

,[5.3384, -5.2403, 7.4417, -0.02, 0.04, -0.00]

,[5.3743, -5.1350, 7.3651, -0.02, 0.02, -0.00]

,[5.3504, -4.9125, 7.5924, -0.02, 0.00, -0.03]

,[5.3695, -5.0417, 7.3795, -0.01, 0.03, -0.01]

,[5.3910, -5.2690, 7.2909, -0.01, 0.03, -0.01]

,[5.3767, -5.1087, 7.3460, -0.01, 0.03, -0.02]

,[5.4604, -5.1829, 7.3890, -0.02, 0.00, -0.01]

,[5.3743, -5.1111, 7.4489, -0.02, 0.02, -0.02]

,[5.3695, -5.2499, 7.4656, -0.01, 0.05, -0.02]

,[5.4437, -5.2522, 7.1043, -0.03, 0.01, -0.02]

,[5.7380, -5.9486, 7.2455, 0.94, 0.10, -0.35]

,[5.4078, -1.2586, 8.3510, 1.42, 0.27, -0.73]

,[5.4485, 0.2967, 8.6477, 0.42, -0.08, -0.19]

,[5.2666, 1.3974, 8.4179, 0.64, 0.10, -0.45]

,[4.8168, 2.8522, 8.6501, 0.55, 0.11, -0.35]

,[4.4267, 4.4483, 7.9561, 0.61, 0.07, -0.42]

,[4.1300, 4.7426, 7.9633, -0.03, -0.07, -0.21]

,[3.7735, 5.3384, 7.6618, -0.01, -0.05, -0.17]

,[3.9769, 4.4530, 7.7192, 0.03, 0.06, 0.01]

,[3.9769, 4.7545, 7.7480, -0.03, 0.04, -0.01]

,[4.0391, 4.5655, 7.6020, -0.03, 0.03, -0.01]

,[3.8022, 4.4195, 7.8317, -0.18, 0.05, -0.09]

,[3.6826, 4.8861, 8.2983, -0.08, 0.04, -0.14]

,[3.6778, 4.1252, 8.2050, -0.25, -0.08, -0.14]

,[3.8572, 3.5486, 8.1069, -0.06, 0.01, 0.05]

,[3.7496, 3.9362, 8.4562, -0.21, -0.06, -0.08]

,[3.7041, 4.3214, 9.1310, -0.06, -0.12, -0.45]

,[3.6873, 4.0822, 8.5232, -0.13, -0.13, -0.21]

,[3.9960, 3.2734, 8.0686, 0.13, 0.13, -0.05]

,[3.4576, 4.2640, 8.3270, -0.03, -0.01, -0.39]

,[3.0796, 4.7498, 8.4251, -0.04, -0.05, -0.50]

,[2.8475, 4.7402, 8.4538, 0.00, -0.02, 0.04]

,[2.9695, 4.5320, 8.2768, 0.00, 0.03, 0.02]

,[2.9097, 4.4889, 8.1715, -0.05, -0.03, 0.05]

,[3.0173, 4.6158, 8.4873, -0.03, -0.02, 0.05]

,[3.0796, 4.4650, 8.4921, -0.04, 0.01, 0.01]

,[3.2542, 4.1180, 8.6381, -0.05, 0.05, 0.10]

,[3.3117, 4.1061, 8.2887, -0.02, 0.04, 0.10]

,[3.5198, 3.9984, 8.5232, -0.02, -0.01, 0.12]

,[3.5653, 4.1755, 8.1284, -0.06, -0.02, 0.10]

,[3.8333, 3.8524, 8.9611, -0.25, -0.20, 0.08]

,[4.1611, 3.1131, 9.0640, -0.17, -0.06, 0.12]

,[4.7330, 2.6560, 8.1787, -0.07, -0.08, 0.41]

,[4.9149, 2.8618, 8.4179, -0.11, -0.07, 0.15]

,[5.2068, 2.5866, 8.4060, -0.19, -0.15, 0.05]

,[5.3288, 2.1655, 8.5304, -0.01, -0.00, 0.06]

,[5.4365, 2.0219, 8.5974, 0.02, 0.02, 0.02]

,[5.5442, 2.1440, 8.2313, -0.00, -0.00, -0.00]

,[5.4867, 2.5077, 8.1571, -0.07, -0.03, 0.01]

,[5.6183, 2.3043, 8.0471, -0.01, -0.00, -0.02]

,[5.7404, 1.9502, 7.9657, -0.04, 0.01, -0.01]

,[5.8193, 1.6391, 8.6931, 0.09, 0.03, 0.10]

,[5.7141, 2.0985, 8.2768, -0.03, 0.03, 0.07]

,[5.8481, 2.0291, 8.0303, 0.01, 0.03, 0.07]

,[5.8624, 2.0554, 8.0566, -0.05, -0.01, 0.04]

,[5.8768, 1.5410, 8.6142, -0.02, 0.02, 0.04]

,[5.9533, 1.5577, 8.1452, -0.01, -0.01, 0.01]

,[5.8505, 1.6247, 8.3773, -0.00, 0.01, 0.01]

,[5.9222, 1.7372, 8.3940, -0.01, 0.04, -0.04]

,[5.9103, 1.7396, 8.1523, -0.01, 0.01, -0.02]

,[5.9342, 1.7922, 8.3821, -0.01, 0.02, -0.02]

,[5.9653, 1.4883, 8.4706, -0.02, 0.01, -0.00]

,[5.9222, 1.6941, 8.4945, -0.03, 0.02, -0.03]

,[5.8768, 1.8736, 8.2720, -0.03, 0.02, 0.01]

,[5.9533, 1.7396, 8.5591, 0.02, 0.06, -0.03]

,[6.0538, 1.5577, 8.2576, -0.00, -0.02, -0.00]

,[5.9581, 1.5458, 8.3988, 0.01, 0.05, 0.01]

,[6.0467, 1.4166, 8.0782, 0.01, 0.01, 0.00]

,[5.9318, 1.7539, 8.2696, -0.01, 0.04, -0.01]

,[5.9916, 1.4429, 8.0901, -0.02, 0.01, -0.01]

,[5.9342, 1.5817, 8.2983, -0.01, 0.01, -0.00]

,[5.9701, 1.6271, 8.3222, -0.03, 0.02, 0.01]

,[6.0108, 1.5218, 8.4682, 0.01, 0.01, 0.02]

,[5.9390, 1.7731, 8.2385, -0.06, -0.02, 0.02]

,[5.9749, 1.5673, 8.5041, -0.02, 0.02, -0.01]

,[6.1041, 1.3663, 7.7456, -0.05, 0.00, 0.01]

,[6.0993, 1.2203, 7.9322, -0.01, -0.02, -0.01]

,[6.1472, 1.5745, 7.8054, -0.02, -0.00, -0.02]

,[6.0562, 1.5338, 8.2433, -0.03, -0.00, -0.01]

,[6.0706, 1.5170, 8.2648, -0.01, -0.00, 0.01]

,[6.0562, 1.4883, 7.7384, -0.07, 0.02, 0.31]

,[6.8435, 0.6987, 9.0951, 0.04, -0.38, 0.38]

,[7.1761, -0.1962, 6.7095, -1.61, -1.61, 0.23]

,[9.0090, -1.7946, 4.1611, -0.72, -0.71, 0.10]

,[9.6144, -3.1131, 0.7298, -0.77, -0.91, 0.19]

,[9.5450, -2.3545, -0.9045, -0.49, -0.47, 0.12]

,[9.0712, -3.3523, -1.6822, -0.51, -0.37, 0.45]

,[8.1787, -4.4913, -3.8572, -0.25, -0.35, 0.94]

,[6.9583, -7.5302, -3.7543, 0.14, 0.30, 1.42]

,[3.4887, -1.9765, 11.1673, 4.47, 3.31, 0.16]

,[4.6397, -3.8907, 5.4796, -0.21, -0.61, 0.14]

,[5.1661, -4.7713, 5.1087, 0.33, -0.09, -0.22]

,[5.1446, -5.2642, 6.8076, 0.08, -0.40, 0.23]

,[5.2331, -5.1709, 7.4800, -0.11, 0.07, -0.05]

,[5.3097, -4.8455, 7.5709, 0.01, 0.04, -0.00]

,[5.2810, -4.8742, 7.6857, -0.01, 0.04, -0.02]

,[5.2786, -4.7091, 7.8054, -0.00, 0.03, 0.04]

,[5.1350, -5.1805, 7.4584, -0.06, 0.13, 0.03]

,[4.8526, -4.9962, 7.7216, -0.01, 0.05, 0.02]

,[4.8287, -5.0154, 7.8174, -0.02, 0.06, -0.01]

,[4.8431, -4.9699, 7.9370, 0.00, -0.02, -0.00]

,[4.8455, -5.1565, 7.6211, -0.03, -0.01, 0.01]

,[4.7354, -4.8503, 7.9274, 0.01, 0.08, 0.01]

,[4.7306, -5.0584, 7.8197, -0.00, 0.02, -0.02]

,[4.7641, -5.0130, 8.0447, -0.02, 0.04, -0.01]

,[4.6947, -5.1350, 8.0447, -0.03, 0.05, -0.03]

,[4.7043, -5.1924, 7.7288, -0.01, 0.01, -0.03]

,[4.7569, -5.1541, 7.7982, -0.02, 0.01, -0.00]

,[4.8239, -5.0728, 7.4536, -0.01, 0.02, -0.01]

,[4.7545, -5.0776, 7.8676, -0.00, 0.00, 0.02]

,[4.6660, -4.9053, 8.0375, -0.01, 0.03, -0.01]

,[4.6588, -5.0082, 8.0782, -0.00, -0.00, 0.00]

,[4.7019, -5.1278, 7.7862, -0.02, 0.04, -0.00]

,[4.7354, -5.1661, 7.8652, -0.01, -0.03, 0.01]

,[4.6612, -4.8455, 8.1643, -0.01, 0.04, -0.01]

,[4.6588, -5.0800, 7.8509, -0.01, 0.02, -0.02]

,[4.7067, -5.4078, 7.6259, -0.02, 0.03, -0.01]

,[4.7282, -4.8503, 7.7336, -0.01, 0.01, -0.01]

,[4.6780, -4.9412, 8.0112, 0.00, 0.00, 0.01]

,[4.6708, -5.0728, 7.9179, -0.01, 0.02, -0.01]

,[4.6804, -5.1709, 7.6020, -0.01, -0.00, -0.00]

,[4.6732, -5.1015, 7.9011, -0.01, -0.01, 0.01]

,[4.6301, -5.0656, 8.0949, -0.01, 0.03, -0.02]

,[4.6708, -4.9029, 7.5374, -0.02, 0.01, -0.03]

,[4.7091, -5.1111, 7.6738, -0.00, -0.01, -0.00]

,[4.6708, -5.2570, 7.6977, -0.02, 0.02, -0.01]

,[4.7139, -5.3815, 7.4249, -0.03, 0.04, -0.02]

,[4.7330, -5.2355, 7.5996, -0.01, -0.02, 0.01]

,[4.6684, -4.9101, 7.8221, -0.00, -0.01, -0.01]

,[4.6804, -4.9938, 8.0399, -0.01, 0.05, -0.03]

,[4.7067, -5.0752, 7.6522, -0.01, -0.00, -0.01]

,[4.6684, -5.1422, 7.7623, -0.01, 0.02, -0.01]

,[4.6516, -5.1422, 7.6714, -0.01, 0.02, 0.01]

,[4.6947, -5.1709, 7.7958, -0.02, -0.00, 0.00]

,[4.5942, -5.0154, 8.0040, -0.01, -0.00, -0.01]

,[4.6253, -5.1039, 7.9561, -0.02, 0.03, -0.01]

,[4.6875, -5.0297, 7.7695, -0.02, 0.02, -0.01]

,[4.6828, -5.0489, 8.0088, -0.01, 0.01, -0.01]

,[4.6181, -4.9340, 8.0901, -0.00, 0.03, -0.02]

,[4.6564, -5.0895, 8.1356, -0.02, 0.00, -0.01]

,[4.6469, -5.0919, 7.9561, -0.02, 0.02, -0.00]

,[4.7091, -5.0800, 7.6403, -0.01, 0.01, -0.01]

,[4.6756, -5.1039, 7.9298, -0.00, -0.01, 0.01]

,[4.6564, -5.0752, 8.0136, -0.01, 0.02, -0.01]

,[4.6301, -5.1494, 7.5661, -0.02, 0.02, -0.02]

,[4.6756, -5.2164, 7.7288, -0.00, 0.00, 0.00]

,[4.6229, -5.0512, 7.8413, -0.02, 0.02, 0.00]

,[4.6660, -5.0225, 7.9418, -0.01, 0.01, -0.01]

,[4.6253, -5.1685, 8.0471, -0.01, 0.02, -0.00]

,[4.6660, -5.2020, 7.4393, -0.01, -0.01, -0.03]

,[4.6493, -5.2140, 7.7432, -0.01, -0.02, 0.01]

,[4.6373, -5.0393, 7.8987, -0.02, 0.02, -0.01]

,[4.6732, -5.0201, 8.0136, -0.00, 0.02, -0.01]

,[4.7139, -4.9938, 7.6881, -0.02, -0.01, 0.01]

,[4.6780, -5.0632, 7.6929, -0.02, 0.03, -0.03]

,[4.6875, -5.2355, 7.5852, -0.01, 0.02, -0.01]

,[4.6660, -5.0465, 7.6953, -0.00, 0.01, -0.01]

,[4.6636, -5.2211, 7.8389, -0.01, -0.01, -0.00]

,[4.6684, -5.0130, 7.8939, -0.02, 0.02, -0.01]

,[4.6899, -5.0800, 7.5852, -0.01, 0.01, -0.02]

,[4.6277, -5.1733, 7.8269, -0.01, 0.01, 0.01]

,[4.6708, -5.0728, 7.7049, -0.01, 0.02, 0.00]

,[4.6540, -5.1637, 7.7623, -0.01, 0.00, 0.01]

,[4.6804, -4.9819, 7.9202, -0.00, 0.01, 0.00]

,[4.6301, -5.1350, 7.6834, -0.02, 0.00, 0.00]

,[4.6708, -5.0489, 7.8078, -0.01, 0.01, -0.00]

,[4.6516, -5.0632, 7.8365, -0.01, 0.00, -0.01]

,[4.7043, -5.3073, 7.4441, -0.02, -0.00, -0.00]

,[4.6158, -5.0393, 8.0327, -0.02, 0.02, -0.01]

,[4.7139, -5.1350, 7.7480, -0.02, 0.02, -0.01]

,[4.6636, -5.1805, 7.7336, -0.01, 0.02, -0.00]

,[4.6469, -5.0393, 7.9346, -0.02, 0.01, -0.00]

,[4.6205, -5.1374, 8.0710, -0.00, 0.03, -0.01]

,[4.6612, -5.0536, 7.8820, -0.01, 0.05, -0.03]

,[4.6756, -5.0847, 7.8628, -0.01, 0.01, -0.01]

,[4.6397, -5.0034, 7.9466, -0.01, 0.00, -0.01]

,[4.6732, -5.0177, 7.6618, -0.02, 0.03, -0.01]

,[4.7450, -5.0680, 7.6283, -0.01, -0.01, 0.01]

,[4.6158, -4.9771, 7.9418, -0.00, 0.01, -0.01]

,[4.5799, -4.9938, 8.0327, -0.00, 0.01, -0.01]

,[4.6086, -5.1685, 7.7527, -0.01, 0.01, -0.01]

,[4.6493, -5.1254, 7.7862, -0.02, 0.01, -0.01]

,[4.6493, -5.0536, 7.9155, -0.02, 0.02, -0.02]

,[4.6062, -5.0728, 7.9059, -0.00, 0.03, -0.02]

,[4.6421, -5.0177, 7.7839, -0.01, 0.00, -0.02]

,[4.6349, -5.1278, 7.8174, -0.03, 0.02, -0.01]

,[4.6851, -5.1159, 7.7384, -0.01, 0.03, -0.01]

,[4.6660, -5.1589, 7.5948, -0.02, 0.00, -0.00]

,[4.6660, -5.1709, 7.7623, -0.01, 0.03, -0.02]

,[4.6564, -4.8383, 7.9370, -0.00, 0.00, 0.01]

,[4.6851, -5.0991, 7.8006, -0.01, 0.01, -0.01]

,[4.6229, -4.9675, 8.2122, -0.01, 0.04, -0.01]

,[4.6445, -5.0369, 7.8030, -0.02, 0.02, -0.02]

,[4.6660, -5.0321, 7.7551, -0.00, 0.02, 0.01]

,[4.6277, -5.1350, 7.8126, -0.01, 0.01, 0.00]

,[4.6301, -5.2044, 7.8221, -0.01, 0.01, -0.01]

,[4.6564, -5.1254, 7.6690, -0.03, 0.02, -0.02]

,[4.6229, -5.1494, 7.7216, -0.01, 0.00, -0.01]

,[4.6397, -4.9723, 7.7958, -0.02, 0.02, -0.02]

,[4.6684, -5.0704, 7.7839, -0.01, -0.02, -0.00]

,[4.6421, -5.0465, 7.9107, -0.02, 0.02, -0.01]

,[4.6445, -5.1206, 7.7623, -0.01, 0.02, -0.01]

,[4.6516, -5.1446, 7.7719, -0.02, -0.01, -0.01]

,[4.6708, -5.0536, 7.7958, -0.01, 0.01, -0.00]

,[4.6373, -4.9962, 7.9107, -0.01, 0.02, -0.01]

,[4.6780, -5.1350, 7.7456, -0.01, 0.01, -0.00]

,[4.5990, -4.9938, 8.1117, -0.01, 0.02, -0.01]

,[4.5966, -5.0704, 7.7408, -0.02, 0.06, -0.02]

,[4.6899, -5.2187, 7.5948, -0.01, -0.00, 0.01]

,[4.6301, -5.1685, 7.7934, -0.02, -0.00, 0.02]

,[4.5990, -5.0608, 8.0327, -0.02, 0.03, -0.01]

,[4.6421, -5.0847, 7.8844, -0.01, 0.02, -0.03]

,[4.6349, -5.1159, 7.8652, -0.01, 0.01, -0.00]

,[4.5990, -4.9627, 8.0351, -0.00, 0.02, -0.02]

,[4.6588, -5.0776, 7.7551, -0.00, 0.02, -0.01]

,[4.6181, -5.1374, 7.7145, -0.01, -0.00, -0.01]

,[4.7091, -5.1206, 7.7815, -0.01, 0.01, -0.01]

,[4.6493, -5.0704, 7.8556, -0.01, -0.01, 0.00]

,[4.6588, -5.1063, 7.7886, -0.01, 0.01, -0.01]

,[4.6445, -5.1182, 8.0088, -0.01, 0.03, -0.02]

,[4.6325, -5.0249, 7.8748, -0.00, 0.02, -0.02]

,[4.6469, -5.0225, 7.7719, -0.01, -0.00, 0.00]

,[4.6325, -5.0058, 8.0399, -0.01, 0.02, 0.01]

,[4.6205, -5.2068, 7.7815, -0.00, 0.01, 0.00]

,[4.6373, -5.2164, 7.7336, -0.01, 0.01, -0.00]

,[4.6014, -5.1805, 7.8102, -0.01, 0.01, 0.00]

,[4.6062, -5.0369, 8.0590, -0.02, 0.04, -0.02]

,[4.5870, -5.1326, 7.7408, -0.01, 0.02, -0.03]

,[4.6325, -5.0465, 7.8078, -0.01, 0.02, -0.02]

,[4.6134, -5.0058, 7.8676, -0.02, 0.01, -0.01]

,[4.6636, -5.0441, 7.8748, -0.02, 0.01, -0.00]

,[4.6612, -5.1135, 7.7049, -0.02, 0.03, -0.01]

,[4.6516, -5.2403, 7.7025, -0.02, 0.02, -0.01]

,[4.6038, -4.9507, 8.0207, -0.01, -0.02, -0.00]

,[4.6780, -5.1374, 7.7599, -0.01, 0.02, -0.01]

,[4.6923, -5.1876, 7.6379, -0.01, -0.02, 0.01]

,[4.6158, -5.1517, 7.8796, -0.01, 0.01, 0.01]

,[4.5583, -4.9196, 8.1188, -0.01, 0.04, -0.02]

,[4.5870, -5.1063, 7.9729, -0.02, 0.02, -0.02]

,[4.6516, -5.2020, 7.6068, -0.02, 0.02, -0.00]

,[4.5942, -5.0417, 7.8556, -0.01, 0.01, -0.00]

,[4.6062, -5.1709, 8.0279, -0.01, 0.01, -0.01]

,[4.6181, -5.0800, 7.8628, -0.01, 0.03, -0.03]

,[4.6038, -5.0489, 8.0399, -0.01, 0.02, -0.02]

,[4.6588, -5.1972, 7.7671, -0.01, 0.01, -0.00]

,[4.6301, -5.0943, 8.0136, -0.02, 0.02, -0.01]

,[4.6325, -5.0871, 7.7886, -0.01, 0.01, -0.01]

,[4.6325, -5.0369, 7.9513, -0.01, 0.02, -0.01]

,[4.6421, -5.1230, 7.7384, -0.01, 0.03, -0.02]

,[4.6660, -5.0800, 7.5541, -0.01, 0.02, -0.01]

,[4.6469, -5.2762, 7.7121, -0.02, 0.01, 0.01]

,[4.6493, -5.0465, 7.8461, -0.01, -0.00, -0.00]

,[4.5966, -5.0656, 7.9848, -0.01, 0.03, -0.02]

,[4.5966, -5.1494, 7.7192, -0.01, 0.03, -0.01]

,[4.6349, -5.1494, 7.7001, -0.02, 0.01, 0.00]

,[4.6038, -5.0895, 7.9896, -0.01, 0.02, -0.01]

,[4.5679, -5.1015, 8.0279, -0.02, 0.03, -0.01]

,[4.5894, -5.1350, 7.9059, -0.01, 0.04, -0.02]

,[4.6038, -5.0704, 7.8341, -0.01, 0.01, -0.01]

,[4.6014, -5.2116, 7.9968, -0.04, 0.02, -0.02]

,[4.5703, -5.0249, 8.1212, -0.00, 0.04, -0.04]

]},

{"command": 3, "vectors": [

[4.6038, -4.6756, 7.7456, -0.07, 0.05, -0.06]

,[4.5440, -5.4580, 7.4800, -0.04, 0.02, 0.03]

,[4.4794, -5.2451, 7.7982, -0.02, 0.00, 0.02]

,[4.4913, -5.0656, 8.3151, -0.01, 0.06, -0.03]

,[4.4770, -5.3527, 7.8150, -0.03, 0.06, -0.01]

,[4.4650, -5.1733, 8.1547, -0.00, 0.00, 0.02]

,[4.4722, -5.0154, 7.7623, 0.00, -0.02, 0.02]

,[4.4052, -5.1302, 7.9370, -0.00, -0.00, 0.01]

,[4.3813, -5.0417, 8.1882, -0.01, 0.03, -0.01]

,[4.3406, -5.3049, 7.9848, -0.00, -0.05, -0.02]

,[4.5727, -4.8239, 8.1619, 0.01, -0.03, 0.02]

,[4.5320, -4.9292, 8.0638, -0.00, 0.02, -0.01]

,[4.4985, -5.0225, 8.1284, -0.02, 0.04, -0.01]

,[4.5392, -4.9340, 7.8748, -0.01, -0.02, -0.01]

,[4.4841, -4.4243, 8.1691, -0.05, 0.03, 0.15]

,[3.6945, -5.4341, 8.2217, -0.95, -0.22, 0.53]

,[3.8333, -8.0016, 3.8572, -2.84, -0.27, 0.59]

,[1.9549, -9.7125, -1.8305, -2.43, -0.66, 0.54]

,[1.5147, -9.0975, -2.9910, -1.01, -0.21, 0.07]

,[0.9954, -8.3845, -5.1374, -1.01, -0.18, 0.07]

,[0.4618, -7.9490, -5.6495, -0.59, -0.39, 0.51]

,[-0.2201, -6.7286, -6.7789, -0.42, -0.08, 0.17]

,[-0.3852, -6.9320, -8.4538, -0.06, -0.04, -0.12]

,[-0.0407, -6.5659, -7.3579, -0.16, 0.12, -0.01]

,[-0.0957, -5.9533, -7.0636, -0.21, -0.18, 0.13]

,[-0.3422, -6.1496, -7.4752, -0.08, 0.17, 0.04]

,[-0.0455, -6.1902, -7.2359, 0.01, -0.07, 0.25]

,[-0.4307, -6.0299, -7.4034, -0.06, 0.03, -0.00]

,[-0.3852, -6.2812, -7.7121, -0.03, 0.02, 0.01]

,[-0.3805, -6.1137, -7.2861, -0.03, 0.04, -0.03]

,[-0.3613, -6.0467, -7.3723, -0.03, 0.03, -0.01]

,[-0.3972, -5.9127, -7.5972, -0.02, 0.01, -0.00]

,[-0.4140, -5.9725, -7.5565, -0.01, 0.02, -0.01]

,[-0.4164, -5.8002, -7.4943, -0.02, 0.02, -0.02]

,[-0.4187, -5.8361, -7.5254, -0.02, 0.02, -0.01]

,[-0.3398, -5.8696, -7.3627, -0.03, 0.02, -0.01]

,[-0.3781, -5.9366, -7.4010, -0.02, 0.02, -0.01]

,[-0.4116, -5.8720, -7.5063, -0.00, 0.00, 0.00]

,[-0.3565, -5.8887, -7.5517, -0.02, 0.01, -0.01]

,[-0.3852, -5.8720, -7.4991, -0.02, 0.02, -0.01]

,[-0.4092, -5.8361, -7.5278, -0.02, 0.02, -0.02]

,[-0.3254, -5.8050, -7.5087, -0.02, 0.02, 0.00]

,[-0.4020, -5.8481, -7.4106, -0.03, 0.03, -0.03]

,[-0.3278, -5.9270, -7.5637, -0.01, 0.01, -0.00]

,[-0.3613, -5.8409, -7.4489, 0.00, 0.01, 0.01]

,[-0.5264, -5.7882, -7.5733, 0.15, -0.11, 0.01]

,[-0.4020, -6.3506, -7.2215, 0.10, -0.01, -0.01]

,[-0.4140, -6.8698, -5.5777, 0.85, 0.24, -0.11]

,[-0.2536, -7.7432, -4.9101, 0.52, 0.08, -0.17]

,[-0.6676, -8.7027, -4.9077, 0.26, -0.26, 0.12]

,[-1.7061, -9.4038, -5.0010, -0.12, -0.12, 0.32]

,[-2.9815, -7.5039, -2.7015, 0.24, -0.61, 0.72]

,[-3.2160, -9.9709, -2.7996, -0.02, -0.16, 0.53]

,[-4.0175, -9.4181, -0.9787, 1.04, -0.57, -0.46]

,[-3.2877, -9.7005, 1.0361, 0.96, -0.02, -0.85]

,[-1.3783, -9.8800, 3.4768, 1.35, -0.24, -0.82]

,[0.0096, -7.2383, 7.1186, 1.42, -0.26, -0.80]

,[2.2445, -5.3312, 8.2696, 1.58, -0.38, -0.94]

,[3.7113, -2.1296, 9.2411, 1.08, -0.25, -0.93]

,[5.2786, -2.6800, 11.3157, 0.27, -0.25, -0.22]

,[5.8600, -2.3210, 7.2814, 0.94, -0.61, -0.78]

,[6.2548, -1.5099, 7.8150, -0.15, 0.07, -0.07]

,[6.0730, -1.2156, 7.9944, -0.31, -0.03, -0.05]

,[5.7356, 0.0837, 9.0688, 0.06, 0.09, 0.10]

,[5.7835, -0.7609, 8.2002, 0.01, 0.01, -0.04]

,[5.7667, -0.3948, 8.3246, -0.01, -0.00, -0.03]

,[5.8170, -0.8088, 8.5400, -0.04, 0.04, -0.06]

,[5.8768, -0.7705, 8.7147, -0.04, 0.03, 0.01]

,[5.8265, -0.7537, 8.6453, 0.00, 0.01, 0.01]

,[5.7882, -0.8399, 8.8391, -0.03, 0.03, 0.02]

,[5.6830, -0.5551, 8.8343, -0.01, 0.01, -0.00]

,[5.8050, -0.8590, 8.6453, -0.05, 0.04, -0.03]

,[5.8098, -0.8040, 8.3366, -0.01, 0.01, 0.00]

,[5.6566, -0.6437, 8.8128, -0.01, 0.01, -0.02]

]},

{"command": 3, "vectors": [

[6.0371, -1.2634, 8.1667, -0.04, 0.06, -0.79]

,[4.6564, 1.5266, 9.4780, 0.10, 0.46, -1.11]

,[4.1157, 1.4620, 8.9037, 0.10, 0.18, -0.37]

,[4.3813, 1.1462, 9.8871, -0.09, 0.05, -0.29]

,[3.6826, 2.6249, 8.6836, 0.02, -0.09, -0.52]

,[3.7280, 1.9214, 9.3679, 0.17, 0.13, -0.36]

,[2.6082, 3.6826, 9.1860, 0.36, 0.24, -0.46]

,[2.1344, 3.8572, 8.5328, -0.10, -0.22, -0.75]

,[2.1918, 3.2877, 9.5163, -0.10, -0.07, -0.24]

,[2.4933, 3.5270, 8.9922, -0.42, -0.45, -0.16]

,[3.1226, 3.6730, 8.7266, -0.56, -0.62, -0.13]

,[3.8907, 2.2732, 9.8465, -0.51, -0.36, -0.51]

,[4.6588, 2.2947, 8.9635, -0.21, -0.21, -0.08]

,[5.2905, 1.4477, 8.5950, -0.28, -0.35, 0.11]

,[5.6566, -0.3637, 9.1549, -0.19, -0.22, 0.29]

,[5.9557, -0.0072, 8.7721, -0.07, -0.02, 0.22]

,[6.1615, 0.9428, 8.2002, -0.03, -0.12, 0.22]

,[6.4391, -0.4283, 7.9107, -0.16, -0.07, 0.22]

,[6.5252, -1.1151, 8.5041, -0.10, 0.02, 0.18]

,[6.5731, -0.2249, 7.6738, -0.11, -0.01, 0.11]

,[6.4989, -0.4020, 7.8485, -0.03, 0.01, 0.12]

,[6.6903, -1.2586, 7.5637, -0.04, -0.10, 0.19]

,[6.5827, -1.8927, 8.2648, -0.08, 0.05, 0.07]

,[6.5994, -2.3378, 8.2576, -0.10, -0.03, 0.16]

,[6.4439, -1.8951, 7.7671, -0.10, 0.04, 0.12]

,[6.3242, -2.0746, 8.0686, 0.03, -0.02, 0.15]

,[6.3506, -2.4096, 8.0949, -0.09, 0.11, 0.40]

,[5.9366, -2.6728, 7.5613, -0.11, 0.22, 0.48]

,[5.5370, -4.0845, 7.1450, -0.26, -0.14, 0.38]

,[5.5083, -4.4195, 7.4082, -0.14, -0.06, 0.38]

,[5.1757, -5.6997, 7.5063, -0.31, -0.01, 0.23]

,[5.2427, -5.7380, 6.9320, -0.09, -0.04, 0.03]

,[5.0177, -5.6279, 7.6235, 0.10, 0.10, 0.11]

,[4.8431, -5.5226, 7.4991, -0.01, 0.00, 0.01]

,[5.0154, -5.3192, 7.1952, -0.02, 0.04, 0.00]

,[4.9340, -5.6255, 7.3340, -0.02, 0.04, -0.01]

,[4.8957, -5.6734, 7.4393, 0.00, 0.03, -0.00]

,[4.9268, -5.7069, 7.2909, -0.03, 0.02, -0.04]

,[4.9316, -5.7619, 7.2168, -0.01, 0.00, -0.00]

,[4.8933, -5.7165, 7.3771, -0.00, 0.02, -0.01]

,[4.8168, -5.6997, 7.4034, -0.02, 0.02, -0.00]

,[4.9938, -5.7500, 7.1713, -0.02, 0.00, 0.02]

,[4.9507, -5.5801, 7.3149, -0.01, 0.00, -0.00]

,[4.8431, -5.5920, 7.5996, -0.03, -0.00, 0.02]

,[4.8909, -5.5801, 7.2407, -0.01, 0.02, -0.01]

,[4.8790, -5.6160, 7.3627, -0.02, 0.01, -0.01]

,[4.8909, -5.6303, 7.3101, -0.01, 0.01, 0.01]

,[4.8814, -5.5537, 7.4512, 0.00, 0.03, -0.01]

,[4.8766, -5.7835, 7.4824, -0.00, 0.04, -0.01]

,[4.9531, -5.7380, 7.1378, -0.01, -0.00, 0.01]

,[4.9196, -5.4700, 7.2861, -0.00, 0.00, -0.00]

,[4.7880, -5.9605, 6.9990, 0.64, 0.19, -0.09]

,[4.5416, -4.3310, 8.0495, 0.63, 0.14, -0.08]

,[4.7474, -3.1226, 8.4371, 0.74, 0.02, -0.16]

,[4.7234, -1.4859, 8.3653, 1.14, 0.04, -0.19]

,[4.3310, 0.8471, 8.8534, 1.09, 0.15, -0.26]

,[3.5773, 3.5605, 8.7194, 1.02, 0.18, -0.11]

,[3.2542, 4.1946, 8.6022, 0.64, 0.14, -0.13]

,[2.6297, 5.0608, 7.5637, 0.74, 0.39, -0.24]

,[2.0100, 6.6209, 7.2120, 0.08, 0.04, -0.06]

,[1.7827, 6.4678, 7.1498, -0.02, -0.01, -0.04]

,[1.6774, 6.6592, 6.4032, 0.04, 0.01, -0.07]

,[1.5769, 6.6951, 6.9679, -0.03, 0.03, -0.02]

,[1.4859, 7.1354, 6.8435, -0.24, -0.06, -0.12]

,[1.6917, 6.4367, 7.5326, -0.66, -0.09, -0.02]

,[2.0028, 5.1374, 8.2911, -0.40, -0.08, 0.13]

,[2.6512, 3.8405, 8.7290, -0.62, -0.04, 0.15]

,[2.5125, 2.4598, 9.7579, -1.74, -0.05, 0.51]

,[2.9336, -0.2824, 10.6241, -0.58, -0.29, 0.70]

,[3.1274, -1.8401, 9.8369, -2.26, -1.51, 0.91]

,[5.0417, -10.5954, 2.6824, -4.18, -0.05, 0.49]

,[4.1731, -9.1621, -0.6293, -1.07, -0.42, 0.31]

,[3.6036, -8.5998, -3.0317, -0.96, 0.09, 0.29]

,[3.0245, -10.2341, -4.2568, -0.60, -0.11, 0.26]

,[2.1176, -8.7266, -4.2497, -0.19, -0.13, 0.23]

,[1.8544, -8.5854, -5.7332, -0.11, -0.14, 0.05]

,[1.4357, -8.6883, -4.9125, 0.17, -0.03, 0.11]

]}


]
